 time      seg dst      amp      flag
 2691      7   0.803    9.994    1  
 2691      7   0.803    9.994    1  
 2805      7   0.835    558.166  9  
 2805      7   0.835    558.166  9  
 2863      7   0.795    581.835  9  
 2863      7   0.795    581.835  9  
 2978      7   0.718    546.260  9  
 2978      6   0.860    583.393  9  
 2978      5   0.926    258.219  1  
 2978      7   0.718    546.260  9  
 2978      6   0.860    583.393  9  
 2978      5   0.926    258.219  1  
 3038      7   0.701    511.552  9  
 3038      6   0.822    581.011  9  
 3038      5   0.887    570.706  9  
 3038      7   0.701    511.552  9  
 3038      6   0.822    581.011  9  
 3038      5   0.887    570.706  9  
 3149      7   0.736    511.650  9  
 3149      6   0.799    511.820  9  
 3149      5   0.822    511.762  9  
 3149      4   0.868    588.895  9  
 3149      3   0.914    546.200  9  
 3149      1   -0.500   40.503   65 
 3149      7   0.736    511.650  9  
 3149      6   0.799    511.820  9  
 3149      5   0.822    511.762  9  
 3149      4   0.868    588.895  9  
 3149      3   0.914    546.200  9  
 3149      1   -0.500   40.503   65 
 3266      7   0.823    555.650  9  
 3266      6   0.859    511.684  9  
 3266      5   0.856    511.674  9  
 3266      4   0.882    511.723  9  
 3266      3   0.889    511.374  9  
 3266      2   0.974    589.397  9  
 3266      1   1.174    393.388  1  
 3266      0   -0.500   63.442   65 
 3266      7   0.823    555.650  9  
 3266      6   0.859    511.684  9  
 3266      5   0.856    511.674  9  
 3266      4   0.882    511.723  9  
 3266      3   0.889    511.374  9  
 3266      2   0.974    589.397  9  
 3266      1   1.174    393.388  1  
 3266      0   -0.500   63.442   65 
 3319      7   0.868    511.686  9  
 3319      6   0.906    560.588  9  
 3319      5   0.891    511.786  9  
 3319      4   0.912    511.592  9  
 3319      3   0.909    511.538  9  
 3319      2   0.965    511.614  9  
 3319      1   1.048    596.396  9  
 3319      7   0.868    511.686  9  
 3319      6   0.906    560.588  9  
 3319      5   0.891    511.786  9  
 3319      4   0.912    511.592  9  
 3319      3   0.909    511.538  9  
 3319      2   0.965    511.614  9  
 3319      1   1.048    596.396  9  
 3437      7   0.999    546.612  9  
 3437      6   1.028    583.347  9  
 3437      5   0.975    511.817  9  
 3437      4   0.993    554.358  9  
 3437      3   0.971    511.859  9  
 3437      2   1.002    511.500  9  
 3437      1   0.995    511.752  9  
 3437      0   1.028    536.353  9  
 3437      7   0.999    546.612  9  
 3437      6   1.028    583.347  9  
 3437      5   0.975    511.817  9  
 3437      4   0.993    554.358  9  
 3437      3   0.971    511.859  9  
 3437      2   1.002    511.500  9  
 3437      1   0.995    511.752  9  
 3437      0   1.028    536.353  9  
 3552      7   1.122    554.578  9  
 3552      6   1.146    575.671  9  
 3552      5   1.116    552.172  9  
 3552      4   1.104    580.499  9  
 3552      3   1.069    549.508  9  
 3552      2   1.097    578.798  9  
 3552      1   1.050    511.538  9  
 3552      0   1.093    580.588  9  
 3552      7   1.122    554.578  9  
 3552      6   1.146    575.671  9  
 3552      5   1.116    552.172  9  
 3552      4   1.104    580.499  9  
 3552      3   1.069    549.508  9  
 3552      2   1.097    578.798  9  
 3552      1   1.050    511.538  9  
 3552      0   1.093    580.588  9  
 3609      7   1.171    567.110  9  
 3609      6   1.201    578.744  9  
 3609      5   1.173    563.563  9  
 3609      4   1.175    577.502  9  
 3609      3   1.138    572.286  9  
 3609      2   1.158    570.298  9  
 3609      1   1.115    550.465  9  
 3609      0   1.141    571.031  9  
 3609      7   1.171    567.110  9  
 3609      6   1.201    578.744  9  
 3609      5   1.173    563.563  9  
 3609      4   1.175    577.502  9  
 3609      3   1.138    572.286  9  
 3609      2   1.158    570.298  9  
 3609      1   1.115    550.465  9  
 3609      0   1.141    571.031  9  
 3723      7   1.263    576.111  9  
 3723      6   1.273    579.566  9  
 3723      5   1.264    571.138  9  
 3723      4   1.275    577.876  9  
 3723      3   1.248    571.895  9  
 3723      2   1.261    575.470  9  
 3723      1   1.220    541.605  9  
 3723      0   1.251    581.636  9  
 3723      7   1.263    576.111  9  
 3723      6   1.273    579.566  9  
 3723      5   1.264    571.138  9  
 3723      4   1.275    577.876  9  
 3723      3   1.248    571.895  9  
 3723      2   1.261    575.470  9  
 3723      1   1.220    541.605  9  
 3723      0   1.251    581.636  9  
 3781      7   1.318    571.784  9  
 3781      6   1.300    576.747  9  
 3781      5   1.299    572.778  9  
 3781      4   1.317    577.835  9  
 3781      3   1.287    571.751  9  
 3781      2   1.304    574.839  9  
 3781      1   1.264    550.781  9  
 3781      0   1.298    583.471  9  
 3781      7   1.318    571.784  9  
 3781      6   1.300    576.747  9  
 3781      5   1.299    572.778  9  
 3781      4   1.317    577.835  9  
 3781      3   1.287    571.751  9  
 3781      2   1.304    574.839  9  
 3781      1   1.264    550.781  9  
 3781      0   1.298    583.471  9  
 3893      7   1.401    574.005  9  
 3893      6   1.406    578.693  9  
 3893      5   1.381    588.061  9  
 3893      4   1.386    582.860  9  
 3893      3   1.368    587.486  9  
 3893      2   1.388    584.268  9  
 3893      1   1.352    581.714  9  
 3893      0   1.402    582.922  9  
 3893      7   1.401    574.005  9  
 3893      6   1.406    578.693  9  
 3893      5   1.381    588.061  9  
 3893      4   1.386    582.860  9  
 3893      3   1.368    587.486  9  
 3893      2   1.388    584.268  9  
 3893      1   1.352    581.714  9  
 3893      0   1.402    582.922  9  
 4010      7   1.480    567.628  9  
 4010      6   1.503    571.516  9  
 4010      5   1.480    581.168  9  
 4010      4   1.494    574.133  9  
 4010      3   1.473    580.702  9  
 4010      2   1.493    575.688  9  
 4010      1   1.460    576.523  9  
 4010      0   1.514    574.308  9  
 4010      7   1.480    567.628  9  
 4010      6   1.503    571.516  9  
 4010      5   1.480    581.168  9  
 4010      4   1.494    574.133  9  
 4010      3   1.473    580.702  9  
 4010      2   1.493    575.688  9  
 4010      1   1.460    576.523  9  
 4010      0   1.514    574.308  9  
 4064      7   1.540    565.740  9  
 4064      6   1.543    568.866  9  
 4064      5   1.533    580.137  9  
 4064      4   1.541    572.531  9  
 4064      3   1.524    579.685  9  
 4064      2   1.542    572.017  9  
 4064      1   1.515    572.215  9  
 4064      0   1.583    568.857  9  
 4064      7   1.540    565.740  9  
 4064      6   1.543    568.866  9  
 4064      5   1.533    580.137  9  
 4064      4   1.541    572.531  9  
 4064      3   1.524    579.685  9  
 4064      2   1.542    572.017  9  
 4064      1   1.515    572.215  9  
 4064      0   1.583    568.857  9  
 4183      7   1.684    544.914  9  
 4183      6   1.671    546.268  9  
 4183      5   1.662    554.771  9  
 4183      4   1.650    548.410  9  
 4183      3   1.652    553.959  9  
 4183      2   1.714    542.805  9  
 4183      1   1.718    546.499  9  
 4183      0   1.764    507.493  9  
 4183      7   1.684    544.914  9  
 4183      6   1.671    546.268  9  
 4183      5   1.662    554.771  9  
 4183      4   1.650    548.410  9  
 4183      3   1.652    553.959  9  
 4183      2   1.714    542.805  9  
 4183      1   1.718    546.499  9  
 4183      0   1.764    507.493  9  
 4296      7   1.786    542.713  9  
 4296      6   1.783    543.396  9  
 4296      5   1.780    552.150  9  
 4296      4   1.765    545.180  9  
 4296      3   1.772    548.187  9  
 4296      2   1.823    537.603  9  
 4296      1   1.851    525.719  9  
 4296      7   1.786    542.713  9  
 4296      6   1.783    543.396  9  
 4296      5   1.780    552.150  9  
 4296      4   1.765    545.180  9  
 4296      3   1.772    548.187  9  
 4296      2   1.823    537.603  9  
 4296      1   1.851    525.719  9  
 4355      7   1.831    540.980  9  
 4355      6   1.826    541.680  9  
 4355      5   1.827    550.417  9  
 4355      4   1.811    542.348  9  
 4355      3   1.818    544.306  9  
 4355      2   1.886    535.317  9  
 4355      1   1.930    501.050  9  
 4355      7   1.831    540.980  9  
 4355      6   1.826    541.680  9  
 4355      5   1.827    550.417  9  
 4355      4   1.811    542.348  9  
 4355      3   1.818    544.306  9  
 4355      2   1.886    535.317  9  
 4355      1   1.930    501.050  9  
 4467      7   1.928    537.435  9  
 4467      6   1.917    540.223  9  
 4467      5   1.910    547.460  9  
 4467      4   1.899    540.144  9  
 4467      3   1.921    537.108  9  
 4467      2   1.992    526.841  9  
 4467      1   2.052    323.590  1  
 4467      7   1.928    537.435  9  
 4467      6   1.917    540.223  9  
 4467      5   1.910    547.460  9  
 4467      4   1.899    540.144  9  
 4467      3   1.921    537.108  9  
 4467      2   1.992    526.841  9  
 4467      1   2.052    323.590  1  
 4526      7   1.976    536.289  9  
 4526      6   1.965    539.100  9  
 4526      5   1.959    546.576  9  
 4526      4   1.948    538.506  9  
 4526      3   1.972    535.926  9  
 4526      2   2.038    522.502  9  
 4526      1   2.119    255.457  1  
 4526      7   1.976    536.289  9  
 4526      6   1.965    539.100  9  
 4526      5   1.959    546.576  9  
 4526      4   1.948    538.506  9  
 4526      3   1.972    535.926  9  
 4526      2   2.038    522.502  9  
 4526      1   2.119    255.457  1  
 4638      7   2.072    533.667  9  
 4638      6   2.063    535.357  9  
 4638      5   2.062    543.668  9  
 4638      4   2.050    534.332  9  
 4638      3   2.062    535.514  9  
 4638      2   2.143    516.771  9  
 4638      1   2.242    209.232  1  
 4638      7   2.072    533.667  9  
 4638      6   2.063    535.357  9  
 4638      5   2.062    543.668  9  
 4638      4   2.050    534.332  9  
 4638      3   2.062    535.514  9  
 4638      2   2.143    516.771  9  
 4638      1   2.242    209.232  1  
 4755      7   2.199    525.574  9  
 4755      6   2.175    532.232  9  
 4755      5   2.158    540.090  9  
 4755      4   2.158    532.001  9  
 4755      3   2.174    535.168  9  
 4755      2   2.243    518.772  9  
 4755      1   2.335    253.386  1  
 4755      7   2.199    525.574  9  
 4755      6   2.175    532.232  9  
 4755      5   2.158    540.090  9  
 4755      4   2.158    532.001  9  
 4755      3   2.174    535.168  9  
 4755      2   2.243    518.772  9  
 4755      1   2.335    253.386  1  
 4808      7   2.275    522.159  9  
 4808      6   2.239    525.792  9  
 4808      5   2.213    538.325  9  
 4808      4   2.224    529.853  9  
 4808      3   2.239    532.960  9  
 4808      2   2.284    519.095  9  
 4808      1   2.378    291.784  1  
 4808      7   2.275    522.159  9  
 4808      6   2.239    525.792  9  
 4808      5   2.213    538.325  9  
 4808      4   2.224    529.853  9  
 4808      3   2.239    532.960  9  
 4808      2   2.284    519.095  9  
 4808      1   2.378    291.784  1  
 4927      7   2.448    496.538  9  
 4927      6   2.393    513.870  9  
 4927      5   2.333    530.430  9  
 4927      4   2.345    525.655  9  
 4927      3   2.355    528.858  9  
 4927      2   2.405    514.357  9  
 4927      1   2.467    401.419  1  
 4927      7   2.448    496.538  9  
 4927      6   2.393    513.870  9  
 4927      5   2.333    530.430  9  
 4927      4   2.345    525.655  9  
 4927      3   2.355    528.858  9  
 4927      2   2.405    514.357  9  
 4927      1   2.467    401.419  1  
 5041      7   2.591    369.928  1  
 5041      6   2.529    509.812  9  
 5041      5   2.466    525.585  9  
 5041      4   2.468    521.387  9  
 5041      3   2.469    527.151  9  
 5041      2   2.520    510.874  9  
 5041      1   2.580    466.798  9  
 5041      7   2.591    369.928  1  
 5041      6   2.529    509.812  9  
 5041      5   2.466    525.585  9  
 5041      4   2.468    521.387  9  
 5041      3   2.469    527.151  9  
 5041      2   2.520    510.874  9  
 5041      1   2.580    466.798  9  
 5099      7   2.661    296.256  1  
 5099      6   2.593    502.352  9  
 5099      5   2.527    522.810  9  
 5099      4   2.524    518.857  9  
 5099      3   2.517    525.474  9  
 5099      2   2.578    507.128  9  
 5099      1   2.627    453.426  9  
 5099      7   2.661    296.256  1  
 5099      6   2.593    502.352  9  
 5099      5   2.527    522.810  9  
 5099      4   2.524    518.857  9  
 5099      3   2.517    525.474  9  
 5099      2   2.578    507.128  9  
 5099      1   2.627    453.426  9  
 5211      7   2.782    108.707  1  
 5211      6   2.706    272.064  1  
 5211      5   2.643    344.921  1  
 5211      4   2.624    346.896  1  
 5211      3   2.617    373.117  1  
 5211      2   2.723    279.867  1  
 5211      1   2.812    178.175  1  
 5211      7   2.782    108.707  1  
 5211      6   2.706    272.064  1  
 5211      5   2.643    344.921  1  
 5211      4   2.624    346.896  1  
 5211      3   2.617    373.117  1  
 5211      2   2.723    279.867  1  
 5211      1   2.812    178.175  1  
 5272      7   2.839    101.254  1  
 5272      6   2.757    262.290  1  
 5272      5   2.695    332.790  1  
 5272      4   2.675    334.320  1  
 5272      3   2.670    359.219  1  
 5272      2   2.756    268.310  1  
 5272      1   2.838    146.500  1  
 5272      7   2.839    101.254  1  
 5272      6   2.757    262.290  1  
 5272      5   2.695    332.790  1  
 5272      4   2.675    334.320  1  
 5272      3   2.670    359.219  1  
 5272      2   2.756    268.310  1  
 5272      1   2.838    146.500  1  
 5382      7   2.939    103.135  1  
 5382      6   2.855    250.605  1  
 5382      5   2.794    315.636  1  
 5382      4   2.776    312.056  1  
 5382      3   2.772    328.869  1  
 5382      2   2.849    234.141  1  
 5382      1   2.937    79.645   1  
 5382      7   2.939    103.135  1  
 5382      6   2.855    250.605  1  
 5382      5   2.794    315.636  1  
 5382      4   2.776    312.056  1  
 5382      3   2.772    328.869  1  
 5382      2   2.849    234.141  1  
 5382      1   2.937    79.645   1  
 5501      7   3.043    128.560  1  
 5501      6   2.964    240.576  1  
 5501      5   2.908    301.505  1  
 5501      4   2.887    290.854  1  
 5501      3   2.891    280.449  1  
 5501      2   2.965    184.301  1  
 5501      1   3.124    21.912   1  
 5501      7   3.043    128.560  1  
 5501      6   2.964    240.576  1  
 5501      5   2.908    301.505  1  
 5501      4   2.887    290.854  1  
 5501      3   2.891    280.449  1  
 5501      2   2.965    184.301  1  
 5501      1   3.124    21.912   1  
 5558      7   3.094    146.644  1  
 5558      6   3.018    233.344  1  
 5558      5   2.964    296.745  1  
 5558      4   2.945    283.441  1  
 5558      3   2.957    263.860  1  
 5558      2   3.028    150.691  1  
 5558      7   3.094    146.644  1  
 5558      6   3.018    233.344  1  
 5558      5   2.964    296.745  1  
 5558      4   2.945    283.441  1  
 5558      3   2.957    263.860  1  
 5558      2   3.028    150.691  1  
 5672      7   3.193    174.769  1  
 5672      6   3.118    221.954  1  
 5672      5   3.069    282.250  1  
 5672      4   3.056    259.199  1  
 5672      3   3.079    233.283  1  
 5672      2   3.146    90.967   1  
 5672      7   3.193    174.769  1  
 5672      6   3.118    221.954  1  
 5672      5   3.069    282.250  1  
 5672      4   3.056    259.199  1  
 5672      3   3.079    233.283  1  
 5672      2   3.146    90.967   1  
 5785      7   3.282    178.677  1  
 5785      6   3.208    210.128  1  
 5785      5   3.161    271.031  1  
 5785      4   3.153    239.438  1  
 5785      3   3.183    211.918  1  
 5785      2   3.258    61.240   1  
 5785      7   3.282    178.677  1  
 5785      6   3.208    210.128  1  
 5785      5   3.161    271.031  1  
 5785      4   3.153    239.438  1  
 5785      3   3.183    211.918  1  
 5785      2   3.258    61.240   1  
 5844      7   3.324    173.900  1  
 5844      6   3.250    205.578  1  
 5844      5   3.203    263.989  1  
 5844      4   3.199    231.138  1  
 5844      3   3.231    206.600  1  
 5844      2   3.315    49.934   1  
 5844      7   3.324    173.900  1  
 5844      6   3.250    205.578  1  
 5844      5   3.203    263.989  1  
 5844      4   3.199    231.138  1  
 5844      3   3.231    206.600  1  
 5844      2   3.315    49.934   1  
 5956      7   3.417    155.006  1  
 5956      6   3.339    196.994  1  
 5956      5   3.295    253.035  1  
 5956      4   3.296    217.980  1  
 5956      3   3.328    194.193  1  
 5956      2   3.435    35.950   1  
 5956      7   3.417    155.006  1  
 5956      6   3.339    196.994  1  
 5956      5   3.295    253.035  1  
 5956      4   3.296    217.980  1  
 5956      3   3.328    194.193  1  
 5956      2   3.435    35.950   1  
 6016      7   3.466    138.609  1  
 6016      6   3.386    188.506  1  
 6016      5   3.343    245.518  1  
 6016      4   3.344    213.184  1  
 6016      3   3.369    189.217  1  
 6016      2   3.483    32.257   1  
 6016      7   3.466    138.609  1  
 6016      6   3.386    188.506  1  
 6016      5   3.343    245.518  1  
 6016      4   3.344    213.184  1  
 6016      3   3.369    189.217  1  
 6016      2   3.483    32.257   1  
 6126      7   3.580    84.312   1  
 6126      6   3.491    173.241  1  
 6126      5   3.444    231.393  1  
 6126      4   3.447    202.298  1  
 6126      3   3.460    180.390  1  
 6126      2   3.576    31.645   1  
 6126      7   3.580    84.312   1  
 6126      6   3.491    173.241  1  
 6126      5   3.444    231.393  1  
 6126      4   3.447    202.298  1  
 6126      3   3.460    180.390  1  
 6126      2   3.576    31.645   1  
 6245      7   3.722    33.807   1  
 6245      6   3.619    151.693  1  
 6245      5   3.560    210.608  1  
 6245      4   3.561    189.222  1  
 6245      3   3.579    174.378  1  
 6245      2   3.671    38.810   1  
 6245      7   3.722    33.807   1  
 6245      6   3.619    151.693  1  
 6245      5   3.560    210.608  1  
 6245      4   3.561    189.222  1  
 6245      3   3.579    174.378  1  
 6245      2   3.671    38.810   1  
 6302      7   3.821    20.137   1  
 6302      6   3.688    140.577  1  
 6302      5   3.623    199.470  1  
 6302      4   3.618    184.166  1  
 6302      3   3.642    173.893  1  
 6302      2   3.728    47.254   1  
 6302      7   3.821    20.137   1  
 6302      6   3.688    140.577  1  
 6302      5   3.623    199.470  1  
 6302      4   3.618    184.166  1  
 6302      3   3.642    173.893  1  
 6302      2   3.728    47.254   1  
 6416      6   3.816    126.004  1  
 6416      5   3.743    177.746  1  
 6416      4   3.725    176.461  1  
 6416      3   3.761    168.905  1  
 6416      2   3.825    71.222   1  
 6416      6   3.816    126.004  1  
 6416      5   3.743    177.746  1  
 6416      4   3.725    176.461  1  
 6416      3   3.761    168.905  1  
 6416      2   3.825    71.222   1  
 6530      6   3.921    111.499  1  
 6530      5   3.854    165.827  1  
 6530      4   3.828    168.779  1  
 6530      3   3.867    153.282  1  
 6530      2   3.935    80.201   1  
 6530      6   3.921    111.499  1  
 6530      5   3.854    165.827  1  
 6530      4   3.828    168.779  1  
 6530      3   3.867    153.282  1  
 6530      2   3.935    80.201   1  
 6588      6   3.973    103.143  1  
 6588      5   3.908    160.627  1  
 6588      4   3.879    164.639  1  
 6588      3   3.918    146.824  1  
 6588      2   3.994    74.150   1  
 6588      6   3.973    103.143  1  
 6588      5   3.908    160.627  1  
 6588      4   3.879    164.639  1  
 6588      3   3.918    146.824  1  
 6588      2   3.994    74.150   1  
 6700      6   4.078    182.187  1  
 6700      5   4.010    301.824  1  
 6700      4   3.978    304.441  1  
 6700      3   4.017    270.215  1  
 6700      2   4.188    107.848  1  
 6700      6   4.078    182.187  1  
 6700      5   4.010    301.824  1  
 6700      4   3.978    304.441  1  
 6700      3   4.017    270.215  1  
 6700      2   4.188    107.848  1  
 6760      6   4.135    176.077  1  
 6760      5   4.069    294.104  1  
 6760      4   4.038    295.247  1  
 6760      3   4.082    257.024  1  
 6760      2   4.225    86.187   1  
 6760      6   4.135    176.077  1  
 6760      5   4.069    294.104  1  
 6760      4   4.038    295.247  1  
 6760      3   4.082    257.024  1  
 6760      2   4.225    86.187   1  
 6871      6   4.262    174.240  1  
 6871      5   4.198    276.120  1  
 6871      4   4.172    277.256  1  
 6871      3   4.225    223.312  1  
 6871      2   4.360    44.029   1  
 6871      6   4.262    174.240  1  
 6871      5   4.198    276.120  1  
 6871      4   4.172    277.256  1  
 6871      3   4.225    223.312  1  
 6871      2   4.360    44.029   1  
 6989      6   4.398    189.060  1  
 6989      5   4.332    268.565  1  
 6989      4   4.308    257.600  1  
 6989      3   4.365    197.683  1  
 6989      2   4.500    15.483   1  
 6989      6   4.398    189.060  1  
 6989      5   4.332    268.565  1  
 6989      4   4.308    257.600  1  
 6989      3   4.365    197.683  1  
 6989      2   4.500    15.483   1  
 7046      7   4.715    15.102   1  
 7046      6   4.463    189.836  1  
 7046      5   4.394    263.159  1  
 7046      4   4.372    249.200  1  
 7046      3   4.427    186.749  1  
 7046      7   4.715    15.102   1  
 7046      6   4.463    189.836  1  
 7046      5   4.394    263.159  1  
 7046      4   4.372    249.200  1  
 7046      3   4.427    186.749  1  
 7161      6   4.588    176.314  1  
 7161      5   4.505    253.896  1  
 7161      4   4.489    235.890  1  
 7161      3   4.534    170.189  1  
 7161      6   4.588    176.314  1  
 7161      5   4.505    253.896  1  
 7161      4   4.489    235.890  1  
 7161      3   4.534    170.189  1  
 7274      6   4.721    149.679  1  
 7274      5   4.613    239.624  1  
 7274      4   4.597    223.127  1  
 7274      3   4.626    153.291  1  
 7274      6   4.721    149.679  1  
 7274      5   4.613    239.624  1  
 7274      4   4.597    223.127  1  
 7274      3   4.626    153.291  1  
 7332      6   4.789    132.705  1  
 7332      5   4.674    231.600  1  
 7332      4   4.654    217.740  1  
 7332      3   4.678    149.708  1  
 7332      6   4.789    132.705  1  
 7332      5   4.674    231.600  1  
 7332      4   4.654    217.740  1  
 7332      3   4.678    149.708  1  
 7444      6   4.931    94.255   1  
 7444      5   4.806    212.166  1  
 7444      4   4.781    209.766  1  
 7444      3   4.799    155.510  1  
 7444      6   4.931    94.255   1  
 7444      5   4.806    212.166  1  
 7444      4   4.781    209.766  1  
 7444      3   4.799    155.510  1  
 7504      6   5.002    75.973   1  
 7504      5   4.878    200.795  1  
 7504      4   4.846    206.153  1  
 7504      3   4.864    160.058  1  
 7504      6   5.002    75.973   1  
 7504      5   4.878    200.795  1  
 7504      4   4.846    206.153  1  
 7504      3   4.864    160.058  1  
 7615      6   5.143    50.109   1  
 7615      5   5.026    181.284  1  
 7615      4   4.975    194.990  1  
 7615      3   4.994    167.000  1  
 7615      2   5.235    17.424   1  
 7615      6   5.143    50.109   1  
 7615      5   5.026    181.284  1  
 7615      4   4.975    194.990  1  
 7615      3   4.994    167.000  1  
 7615      2   5.235    17.424   1  
 7733      6   5.247    40.201   1  
 7733      5   5.153    173.979  1  
 7733      4   5.090    184.365  1  
 7733      3   5.116    160.198  1  
 7733      2   5.266    29.019   1  
 7733      6   5.247    40.201   1  
 7733      5   5.153    173.979  1  
 7733      4   5.090    184.365  1  
 7733      3   5.116    160.198  1  
 7733      2   5.266    29.019   1  
 7791      6   5.290    35.137   1  
 7791      5   5.204    169.318  1  
 7791      4   5.144    181.047  1  
 7791      3   5.175    152.392  1  
 7791      2   5.306    31.478   1  
 7791      6   5.290    35.137   1  
 7791      5   5.204    169.318  1  
 7791      4   5.144    181.047  1  
 7791      3   5.175    152.392  1  
 7791      2   5.306    31.478   1  
 7905      6   5.392    25.595   1  
 7905      5   5.293    162.428  1  
 7905      4   5.247    173.971  1  
 7905      3   5.286    138.828  1  
 7905      2   5.410    29.042   1  
 7905      6   5.392    25.595   1  
 7905      5   5.293    162.428  1  
 7905      4   5.247    173.971  1  
 7905      3   5.286    138.828  1  
 7905      2   5.410    29.042   1  
 8018      6   5.502    22.157   1  
 8018      5   5.391    157.169  1  
 8018      4   5.350    167.082  1  
 8018      3   5.402    126.810  1  
 8018      2   5.544    17.953   1  
 8018      6   5.502    22.157   1  
 8018      5   5.391    157.169  1  
 8018      4   5.350    167.082  1  
 8018      3   5.402    126.810  1  
 8018      2   5.544    17.953   1  
 8076      6   5.548    25.650   1  
 8076      5   5.448    156.655  1  
 8076      4   5.406    162.177  1  
 8076      3   5.467    118.958  1  
 8076      2   5.552    10.650   1  
 8076      6   5.548    25.650   1  
 8076      5   5.448    156.655  1  
 8076      4   5.406    162.177  1  
 8076      3   5.467    118.958  1  
 8076      2   5.552    10.650   1  
 8189      6   5.658    65.447   1  
 8189      5   5.566    269.959  1  
 8189      4   5.522    270.062  1  
 8189      3   5.597    170.464  1  
 8189      6   5.658    65.447   1  
 8189      5   5.566    269.959  1  
 8189      4   5.522    270.062  1  
 8189      3   5.597    170.464  1  
 8248      6   5.719    81.613   1  
 8248      5   5.630    266.564  1  
 8248      4   5.586    261.060  1  
 8248      3   5.664    147.644  1  
 8248      6   5.719    81.613   1  
 8248      5   5.630    266.564  1  
 8248      4   5.586    261.060  1  
 8248      3   5.664    147.644  1  
 8360      6   5.845    104.996  1  
 8360      5   5.751    256.807  1  
 8360      4   5.711    244.464  1  
 8360      3   5.783    116.476  1  
 8360      6   5.845    104.996  1  
 8360      5   5.751    256.807  1  
 8360      4   5.711    244.464  1  
 8360      3   5.783    116.476  1  
 8477      6   5.969    104.475  1  
 8477      5   5.858    248.589  1  
 8477      4   5.826    232.812  1  
 8477      3   5.886    98.393   1  
 8477      6   5.969    104.475  1  
 8477      5   5.858    248.589  1  
 8477      4   5.826    232.812  1  
 8477      3   5.886    98.393   1  
 8535      6   6.035    98.156   1  
 8535      5   5.909    244.701  1  
 8535      4   5.882    228.670  1  
 8535      3   5.936    91.448   1  
 8535      6   6.035    98.156   1  
 8535      5   5.909    244.701  1  
 8535      4   5.882    228.670  1  
 8535      3   5.936    91.448   1  
 8649      6   6.163    79.133   1  
 8649      5   6.017    232.594  1  
 8649      4   5.991    221.382  1  
 8649      3   6.036    81.057   1  
 8649      6   6.163    79.133   1  
 8649      5   6.017    232.594  1  
 8649      4   5.991    221.382  1  
 8649      3   6.036    81.057   1  
 8762      6   6.299    55.550   1  
 8762      5   6.147    217.831  1  
 8762      4   6.111    214.411  1  
 8762      3   6.157    83.307   1  
 8762      6   6.299    55.550   1  
 8762      5   6.147    217.831  1  
 8762      4   6.111    214.411  1  
 8762      3   6.157    83.307   1  
 8821      6   6.368    44.398   1  
 8821      5   6.219    211.367  1  
 8821      4   6.180    213.305  1  
 8821      3   6.224    89.064   1  
 8821      6   6.368    44.398   1  
 8821      5   6.219    211.367  1  
 8821      4   6.180    213.305  1  
 8821      3   6.224    89.064   1  
 8933      6   6.492    29.547   1  
 8933      5   6.358    195.250  1  
 8933      4   6.312    207.898  1  
 8933      3   6.365    100.908  1  
 8933      6   6.492    29.547   1  
 8933      5   6.358    195.250  1  
 8933      4   6.312    207.898  1  
 8933      3   6.365    100.908  1  
 8993      6   6.545    25.892   1  
 8993      5   6.419    189.735  1  
 8993      4   6.370    202.705  1  
 8993      3   6.431    103.387  1  
 8993      6   6.545    25.892   1  
 8993      5   6.419    189.735  1  
 8993      4   6.370    202.705  1  
 8993      3   6.431    103.387  1  
 9107      6   6.659    24.818   1  
 9107      5   6.534    242.306  1  
 9107      4   6.483    252.162  1  
 9107      3   6.567    131.642  1  
 9107      6   6.659    24.818   1  
 9107      5   6.534    242.306  1  
 9107      4   6.483    252.162  1  
 9107      3   6.567    131.642  1  
 9222      6   6.762    18.139   1  
 9222      5   6.629    233.725  1  
 9222      4   6.589    244.723  1  
 9222      3   6.687    117.675  1  
 9222      6   6.762    18.139   1  
 9222      5   6.629    233.725  1  
 9222      4   6.589    244.723  1  
 9222      3   6.687    117.675  1  
 9279      6   6.816    17.956   1  
 9279      5   6.676    232.382  1  
 9279      4   6.642    241.422  1  
 9279      3   6.744    108.473  1  
 9279      6   6.816    17.956   1  
 9279      5   6.676    232.382  1  
 9279      4   6.642    241.422  1  
 9279      3   6.744    108.473  1  
 9393      6   6.889    25.990   1  
 9393      5   6.781    229.635  1  
 9393      4   6.754    229.683  1  
 9393      3   6.863    84.129   1  
 9393      6   6.889    25.990   1  
 9393      5   6.781    229.635  1  
 9393      4   6.754    229.683  1  
 9393      3   6.863    84.129   1  
 9507      6   6.992    43.325   1  
 9507      5   6.908    230.876  1  
 9507      4   6.882    212.827  1  
 9507      3   6.988    55.402   1  
 9507      6   6.992    43.325   1  
 9507      5   6.908    230.876  1  
 9507      4   6.882    212.827  1  
 9507      3   6.988    55.402   1  
 9565      6   7.049    55.045   1  
 9565      5   6.971    229.985  1  
 9565      4   6.947    203.867  1  
 9565      3   7.053    42.670   1  
 9565      6   7.049    55.045   1  
 9565      5   6.971    229.985  1  
 9565      4   6.947    203.867  1  
 9565      3   7.053    42.670   1  
 9677      6   7.166    73.758   1  
 9677      5   7.082    223.446  1  
 9677      4   7.064    187.595  1  
 9677      3   7.163    25.879   1  
 9677      6   7.166    73.758   1  
 9677      5   7.082    223.446  1  
 9677      4   7.064    187.595  1  
 9677      3   7.163    25.879   1  
 9737      6   7.229    78.139   1  
 9737      5   7.132    220.521  1  
 9737      4   7.116    181.042  1  
 9737      3   7.220    20.202   1  
 9737      6   7.229    78.139   1  
 9737      5   7.132    220.521  1  
 9737      4   7.116    181.042  1  
 9737      3   7.220    20.202   1  
 9851      6   7.348    76.626   1  
 9851      5   7.229    216.035  1  
 9851      4   7.214    170.807  1  
 9851      3   7.265    12.980   1  
 9851      6   7.348    76.626   1  
 9851      5   7.229    216.035  1  
 9851      4   7.214    170.807  1  
 9851      3   7.265    12.980   1  
 9966      6   7.461    66.184   1  
 9966      5   7.330    211.698  1  
 9966      4   7.320    166.511  1  
 9966      3   7.290    9.645    1  
 9966      6   7.461    66.184   1  
 9966      5   7.330    211.698  1  
 9966      4   7.320    166.511  1  
 9966      3   7.290    9.645    1  
 10023     6   7.515    57.503   1  
 10023     5   7.381    206.484  1  
 10023     4   7.372    166.491  1  
 10023     3   7.304    9.059    1  
 10023     6   7.515    57.503   1  
 10023     5   7.381    206.484  1  
 10023     4   7.372    166.491  1  
 10023     3   7.304    9.059    1  
 10138     6   7.642    39.559   1  
 10138     5   7.504    195.673  1  
 10138     4   7.491    166.209  1  
 10138     3   7.351    12.265   1  
 10138     6   7.642    39.559   1  
 10138     5   7.504    195.673  1  
 10138     4   7.491    166.209  1  
 10138     3   7.351    12.265   1  
 10251     6   7.788    24.743   1  
 10251     5   7.647    183.686  1  
 10251     4   7.626    167.197  1  
 10251     3   7.607    20.154   1  
 10251     6   7.788    24.743   1  
 10251     5   7.647    183.686  1  
 10251     4   7.626    167.197  1  
 10251     3   7.607    20.154   1  
 10309     6   7.859    19.359   1  
 10309     5   7.716    176.484  1  
 10309     4   7.691    166.420  1  
 10309     3   7.726    26.647   1  
 10309     6   7.859    19.359   1  
 10309     5   7.716    176.484  1  
 10309     4   7.691    166.420  1  
 10309     3   7.726    26.647   1  
 10422     6   7.902    13.785   1  
 10422     5   7.837    167.690  1  
 10422     4   7.812    160.061  1  
 10422     3   7.899    33.113   1  
 10422     6   7.902    13.785   1  
 10422     5   7.837    167.690  1  
 10422     4   7.812    160.061  1  
 10422     3   7.899    33.113   1  
 10481     6   7.916    11.488   1  
 10481     5   7.890    163.866  1  
 10481     4   7.870    156.510  1  
 10481     3   7.981    32.994   1  
 10481     6   7.916    11.488   1  
 10481     5   7.890    163.866  1  
 10481     4   7.870    156.510  1  
 10481     3   7.981    32.994   1  
 10595     6   7.942    8.751    1  
 10595     5   7.995    159.662  1  
 10595     4   7.976    148.537  1  
 10595     3   8.136    26.409   1  
 10595     6   7.942    8.751    1  
 10595     5   7.995    159.662  1  
 10595     4   7.976    148.537  1  
 10595     3   8.136    26.409   1  
 10710     6   7.969    9.785    1  
 10710     5   8.111    158.660  1  
 10710     4   8.099    142.078  1  
 10710     3   8.238    16.564   1  
 10710     6   7.969    9.785    1  
 10710     5   8.111    158.660  1  
 10710     4   8.099    142.078  1  
 10710     3   8.238    16.564   1  
 10767     6   8.001    12.332   1  
 10767     5   8.174    158.972  1  
 10767     4   8.166    136.715  1  
 10767     3   8.250    12.007   1  
 10767     6   8.001    12.332   1  
 10767     5   8.174    158.972  1  
 10767     4   8.166    136.715  1  
 10767     3   8.250    12.007   1  
 10882     6   8.303    21.057   1  
 10882     5   8.308    158.445  1  
 10882     4   8.308    121.363  1  
 10882     6   8.303    21.057   1  
 10882     5   8.308    158.445  1  
 10882     4   8.308    121.363  1  
 10995     6   8.512    30.785   1  
 10995     5   8.437    154.385  1  
 10995     4   8.443    109.236  1  
 10995     6   8.512    30.785   1  
 10995     5   8.437    154.385  1  
 10995     4   8.443    109.236  1  
 11053     6   8.591    32.995   1  
 11053     5   8.498    151.176  1  
 11053     4   8.503    105.415  1  
 11053     6   8.591    32.995   1  
 11053     5   8.498    151.176  1  
 11053     4   8.503    105.415  1  
 11166     6   8.748    30.905   1  
 11166     5   8.608    144.027  1  
 11166     4   8.606    102.777  1  
 11166     6   8.748    30.905   1  
 11166     5   8.608    144.027  1  
 11166     4   8.606    102.777  1  
 11225     6   8.831    26.609   1  
 11225     5   8.666    139.956  1  
 11225     4   8.658    102.902  1  
 11225     6   8.831    26.609   1  
 11225     5   8.666    139.956  1  
 11225     4   8.658    102.902  1  
 11340     6   8.938    15.391   1  
 11340     5   8.788    133.485  1  
 11340     4   8.762    106.878  1  
 11340     6   8.938    15.391   1  
 11340     5   8.788    133.485  1  
 11340     4   8.762    106.878  1  
 11454     6   8.959    6.859    1  
 11454     5   8.924    122.343  1  
 11454     4   8.884    113.675  1  
 11454     3   9.096    6.301    1  
 11454     6   8.959    6.859    1  
 11454     5   8.924    122.343  1  
 11454     4   8.884    113.675  1  
 11454     3   9.096    6.301    1  
 11512     5   8.993    114.298  1  
 11512     4   8.945    115.404  1  
 11512     3   9.101    7.951    1  
 11512     5   8.993    114.298  1  
 11512     4   8.945    115.404  1  
 11512     3   9.101    7.951    1  
 11626     5   9.115    104.832  1  
 11626     4   9.059    114.053  1  
 11626     3   9.125    13.095   1  
 11626     5   9.115    104.832  1  
 11626     4   9.059    114.053  1  
 11626     3   9.125    13.095   1  
 11740     5   9.216    97.183   1  
 11740     4   9.167    110.513  1  
 11740     3   9.171    13.310   1  
 11740     5   9.216    97.183   1  
 11740     4   9.167    110.513  1  
 11740     3   9.171    13.310   1  
 11798     5   9.263    94.884   1  
 11798     4   9.224    108.721  1  
 11798     3   9.189    12.066   1  
 11798     5   9.263    94.884   1  
 11798     4   9.224    108.721  1  
 11798     3   9.189    12.066   1  
 11910     5   9.360    92.476   1  
 11910     4   9.338    105.123  1  
 11910     3   9.220    8.537    1  
 11910     5   9.360    92.476   1  
 11910     4   9.338    105.123  1  
 11910     3   9.220    8.537    1  
 11969     5   9.416    93.981   1  
 11969     4   9.399    101.826  1  
 11969     3   9.232    6.881    1  
 11969     5   9.416    93.981   1  
 11969     4   9.399    101.826  1  
 11969     3   9.232    6.881    1  
 12084     5   9.546    101.899  1  
 12084     4   9.535    93.838   1  
 12084     5   9.546    101.899  1  
 12084     4   9.535    93.838   1  
 12199     6   9.872    5.152    1  
 12199     5   9.673    107.491  1  
 12199     4   9.668    83.302   1  
 12199     6   9.872    5.152    1  
 12199     5   9.673    107.491  1  
 12199     4   9.668    83.302   1  
 12256     6   9.880    6.823    1  
 12256     5   9.733    107.267  1  
 12256     4   9.730    79.792   1  
 12256     6   9.880    6.823    1  
 12256     5   9.733    107.267  1  
 12256     4   9.730    79.792   1  
 12370     6   9.909    8.945    1  
 12370     5   9.844    103.217  1  
 12370     4   9.831    74.281   1  
 12370     6   9.909    8.945    1  
 12370     5   9.844    103.217  1  
 12370     4   9.831    74.281   1  
 12484     6   9.938    7.593    1  
 12484     5   9.948    99.865   1  
 12484     4   9.929    72.649   1  
 12484     6   9.938    7.593    1  
 12484     5   9.948    99.865   1  
 12484     4   9.929    72.649   1  
 12542     6   9.950    5.915    1  
 12542     5   10.004   97.869   1  
 12542     4   9.983    72.495   1  
 12542     6   9.950    5.915    1  
 12542     5   10.004   97.869   1  
 12542     4   9.983    72.495   1  
 12655     5   10.122   91.642   1  
 12655     4   10.096   74.714   1  
 12655     5   10.122   91.642   1  
 12655     4   10.096   74.714   1  
 12714     5   10.188   86.922   1  
 12714     4   10.157   75.800   1  
 12714     5   10.188   86.922   1  
 12714     4   10.157   75.800   1  
 12828     5   10.314   77.276   1  
 12828     4   10.286   79.261   1  
 12828     5   10.314   77.276   1  
 12828     4   10.286   79.261   1  
 12943     5   10.427   69.547   1  
 12943     4   10.402   79.234   1  
 12943     3   10.562   3.485    1  
 12943     5   10.427   69.547   1  
 12943     4   10.402   79.234   1  
 12943     3   10.562   3.485    1  
 13000     5   10.477   66.837   1  
 13000     4   10.456   77.975   1  
 13000     5   10.477   66.837   1  
 13000     4   10.456   77.975   1  
 13115     5   10.576   63.460   1  
 13115     4   10.559   75.201   1  
 13115     5   10.576   63.460   1  
 13115     4   10.559   75.201   1  
 13228     5   10.671   62.815   1  
 13228     4   10.666   71.762   1  
 13228     5   10.671   62.815   1  
 13228     4   10.666   71.762   1  
 13287     5   10.734   64.428   1  
 13287     4   10.727   69.938   1  
 13287     5   10.734   64.428   1  
 13287     4   10.727   69.938   1  
 13399     5   10.856   67.865   1  
 13399     4   10.847   63.539   1  
 13399     5   10.856   67.865   1  
 13399     4   10.847   63.539   1  
 13458     5   10.926   70.457   1  
 13458     4   10.912   59.176   1  
 13458     5   10.926   70.457   1  
 13458     4   10.912   59.176   1  
 13573     5   11.052   74.256   1  
 13573     4   11.036   53.614   1  
 13573     5   11.052   74.256   1  
 13573     4   11.036   53.614   1  
 13687     5   11.166   73.812   1  
 13687     4   11.144   50.612   1  
 13687     5   11.166   73.812   1  
 13687     4   11.144   50.612   1  
 13745     5   11.219   72.506   1  
 13745     4   11.203   49.489   1  
 13745     5   11.219   72.506   1  
 13745     4   11.203   49.489   1  
 13859     5   11.320   68.688   1  
 13859     4   11.295   48.654   1  
 13859     5   11.320   68.688   1  
 13859     4   11.295   48.654   1  
 13973     5   11.431   63.686   1  
 13973     4   11.399   50.479   1  
 13973     5   11.431   63.686   1  
 13973     4   11.399   50.479   1  
 14031     5   11.494   60.141   1  
 14031     4   11.461   51.844   1  
 14031     5   11.494   60.141   1  
 14031     4   11.461   51.844   1  
 14143     5   11.618   51.932   1  
 14143     4   11.591   54.909   1  
 14143     5   11.618   51.932   1  
 14143     4   11.591   54.909   1  
 14203     5   11.683   48.221   1  
 14203     4   11.653   56.273   1  
 14203     5   11.683   48.221   1  
 14203     4   11.653   56.273   1  
 14317     5   11.799   43.274   1  
 14317     4   11.771   56.190   1  
 14317     5   11.799   43.274   1  
 14317     4   11.771   56.190   1  
 14432     5   11.899   40.266   1  
 14432     4   11.879   56.189   1  
 14432     5   11.899   40.266   1  
 14432     4   11.879   56.189   1  
 14489     5   11.956   38.890   1  
 14489     4   11.933   55.128   1  
 14489     5   11.956   38.890   1  
 14489     4   11.933   55.128   1  
 14604     5   12.069   37.460   1  
 14604     4   12.044   54.003   1  
 14604     5   12.069   37.460   1  
 14604     4   12.044   54.003   1  
 14717     5   12.195   36.681   1  
 14717     4   12.168   52.697   1  
 14717     5   12.195   36.681   1  
 14717     4   12.168   52.697   1  
 14775     5   12.273   36.756   1  
 14775     4   12.236   51.195   1  
 14775     5   12.273   36.756   1  
 14775     4   12.236   51.195   1  
 14888     5   12.404   36.842   1  
 14888     4   12.363   49.677   1  
 14888     5   12.404   36.842   1  
 14888     4   12.363   49.677   1  
 14946     5   12.465   37.206   1  
 14946     4   12.417   48.849   1  
 14946     5   12.465   37.206   1  
 14946     4   12.417   48.849   1  
 15062     5   12.580   36.512   1  
 15062     4   12.522   47.614   1  
 15062     5   12.580   36.512   1  
 15062     4   12.522   47.614   1  
 15176     5   12.677   34.680   1  
 15176     4   12.623   46.589   1  
 15176     5   12.677   34.680   1  
 15176     4   12.623   46.589   1  
 15234     5   12.727   33.562   1  
 15234     4   12.669   46.675   1  
 15234     5   12.727   33.562   1  
 15234     4   12.669   46.675   1  
 15348     5   12.850   30.697   1  
 15348     4   12.767   46.642   1  
 15348     5   12.850   30.697   1  
 15348     4   12.767   46.642   1  
 15462     5   12.968   28.037   1  
 15462     4   12.876   46.859   1  
 15462     5   12.968   28.037   1  
 15462     4   12.876   46.859   1  
 15520     5   13.030   27.255   1  
 15520     4   12.938   47.415   1  
 15520     5   13.030   27.255   1  
 15520     4   12.938   47.415   1  
 15632     5   13.137   25.289   1  
 15632     4   13.066   46.404   1  
 15632     5   13.137   25.289   1  
 15632     4   13.066   46.404   1  
 15691     5   13.191   25.016   1  
 15691     4   13.118   45.564   1  
 15691     5   13.191   25.016   1  
 15691     4   13.118   45.564   1  
 15806     5   13.291   24.572   1  
 15806     4   13.223   43.887   1  
 15806     5   13.291   24.572   1  
 15806     4   13.223   43.887   1  
 15921     5   13.396   24.729   1  
 15921     4   13.336   42.408   1  
 15921     5   13.396   24.729   1  
 15921     4   13.336   42.408   1  
 15978     5   13.447   24.896   1  
 15978     4   13.391   42.025   1  
 15978     5   13.447   24.896   1  
 15978     4   13.391   42.025   1  
 16092     5   13.570   25.513   1  
 16092     4   13.511   38.778   1  
 16092     5   13.570   25.513   1  
 16092     4   13.511   38.778   1  
 16206     5   13.698   27.082   1  
 16206     4   13.632   36.545   1  
 16206     5   13.698   27.082   1  
 16206     4   13.632   36.545   1  
 16264     5   13.759   26.632   1  
 16264     4   13.696   35.395   1  
 16264     5   13.759   26.632   1  
 16264     4   13.696   35.395   1  
 16377     5   13.869   26.632   1  
 16377     4   13.809   34.621   1  
 16377     5   13.869   26.632   1  
 16377     4   13.809   34.621   1  
 16436     5   13.932   26.005   1  
 16436     4   13.860   34.102   1  
 16436     5   13.932   26.005   1  
 16436     4   13.860   34.102   1  
 16550     5   14.029   24.312   1  
 16550     4   13.944   33.836   1  
 16550     5   14.029   24.312   1  
 16550     4   13.944   33.836   1  
 16665     5   14.155   21.875   1  
 16665     4   14.049   35.304   1  
 16665     5   14.155   21.875   1  
 16665     4   14.049   35.304   1  
 16722     5   14.208   20.421   1  
 16722     4   14.119   35.674   1  
 16722     5   14.208   20.421   1  
 16722     4   14.119   35.674   1  
 16837     5   14.347   17.941   1  
 16837     4   14.249   36.425   1  
 16837     5   14.347   17.941   1  
 16837     4   14.249   36.425   1  
 16950     5   14.422   15.819   1  
 16950     4   14.362   36.088   1  
 16950     5   14.422   15.819   1  
 16950     4   14.362   36.088   1  
 17009     5   14.448   15.297   1  
 17009     4   14.415   35.707   1  
 17009     5   14.448   15.297   1  
 17009     4   14.415   35.707   1  
 17121     5   14.504   14.379   1  
 17121     4   14.516   35.460   1  
 17121     5   14.504   14.379   1  
 17121     4   14.516   35.460   1  
 17180     5   14.529   13.739   1  
 17180     4   14.569   35.136   1  
 17180     5   14.529   13.739   1  
 17180     4   14.569   35.136   1  
 17295     5   14.601   14.109   1  
 17295     4   14.677   34.014   1  
 17295     5   14.601   14.109   1  
 17295     4   14.677   34.014   1  
 17409     5   14.674   14.639   1  
 17409     4   14.807   33.230   1  
 17409     5   14.674   14.639   1  
 17409     4   14.807   33.230   1  
 17466     5   14.729   14.640   1  
 17466     4   14.873   32.959   1  
 17466     5   14.729   14.640   1  
 17466     4   14.873   32.959   1  
 17581     5   14.840   14.730   1  
 17581     4   14.992   31.974   1  
 17581     5   14.840   14.730   1  
 17581     4   14.992   31.974   1  
 17695     5   14.932   14.642   1  
 17695     4   15.112   30.157   1  
 17695     5   14.932   14.642   1  
 17695     4   15.112   30.157   1  
 17753     5   14.972   14.087   1  
 17753     4   15.161   30.574   1  
 17753     5   14.972   14.087   1  
 17753     4   15.161   30.574   1  
 17865     5   15.059   13.556   1  
 17865     4   15.263   30.266   1  
 17865     5   15.059   13.556   1  
 17865     4   15.263   30.266   1  
 17924     5   15.093   12.662   1  
 17924     4   15.315   30.313   1  
 17924     5   15.093   12.662   1  
 17924     4   15.315   30.313   1  
 18039     5   15.148   11.316   1  
 18039     4   15.451   29.910   1  
 18039     5   15.148   11.316   1  
 18039     4   15.451   29.910   1  
 18154     5   15.200   10.344   1  
 18154     4   15.579   29.976   1  
 18154     5   15.200   10.344   1  
 18154     4   15.579   29.976   1  
 18211     5   15.226   9.900    1  
 18211     4   15.644   29.467   1  
 18211     5   15.226   9.900    1  
 18211     4   15.644   29.467   1  
 18325     5   15.280   9.907    1  
 18325     4   15.753   28.350   1  
 18325     5   15.280   9.907    1  
 18325     4   15.753   28.350   1  
 18439     5   15.335   9.826    1  
 18439     4   15.869   27.897   1  
 18439     5   15.335   9.826    1  
 18439     4   15.869   27.897   1  
 18497     5   15.362   9.230    1  
 18497     4   15.926   27.496   1  
 18497     5   15.362   9.230    1  
 18497     4   15.926   27.496   1  
 18610     5   15.424   9.323    1  
 18610     4   16.033   27.160   1  
 18610     5   15.424   9.323    1  
 18610     4   16.033   27.160   1  
 18669     5   15.457   9.556    1  
 18669     4   16.098   26.709   1  
 18669     5   15.457   9.556    1  
 18669     4   16.098   26.709   1  
 18783     5   15.531   9.808    1  
 18783     4   16.231   25.900   1  
 18783     5   15.531   9.808    1  
 18783     4   16.231   25.900   1  
 18898     5   15.624   10.357   1  
 18898     4   16.340   25.295   1  
 18898     5   15.624   10.357   1  
 18898     4   16.340   25.295   1  
 18955     5   15.668   10.021   1  
 18955     4   16.397   25.038   1  
 18955     5   15.668   10.021   1  
 18955     4   16.397   25.038   1  
 19070     5   15.748   9.241    1  
 19070     4   16.511   23.785   1  
 19070     5   15.748   9.241    1  
 19070     4   16.511   23.785   1  
 19184     5   15.824   8.703    1  
 19184     4   16.617   23.694   1  
 19184     5   15.824   8.703    1  
 19184     4   16.617   23.694   1  
 19241     5   15.859   8.145    1  
 19241     4   16.676   24.144   1  
 19241     5   15.859   8.145    1  
 19241     4   16.676   24.144   1  
 19354     5   15.923   7.147    1  
 19354     4   16.793   24.388   1  
 19354     5   15.923   7.147    1  
 19354     4   16.793   24.388   1  
 19413     5   15.953   6.800    1  
 19413     4   16.861   23.622   1  
 19413     5   15.953   6.800    1  
 19413     4   16.861   23.622   1  
 19528     5   16.011   6.597    1  
 19528     4   16.991   22.922   1  
 19528     5   16.011   6.597    1  
 19528     4   16.991   22.922   1  
 19642     5   16.072   6.493    1  
 19642     4   17.107   23.000   1  
 19642     5   16.072   6.493    1  
 19642     4   17.107   23.000   1  
 19700     5   16.105   6.748    1  
 19700     4   17.156   22.980   1  
 19700     5   16.105   6.748    1  
 19700     4   17.156   22.980   1  
 19814     5   16.171   6.628    1  
 19814     4   17.258   22.176   1  
 19814     5   16.171   6.628    1  
 19814     4   17.258   22.176   1  
 19928     5   16.245   7.122    1  
 19928     4   17.371   21.155   1  
 19928     5   16.245   7.122    1  
 19928     4   17.371   21.155   1  
 19986     5   16.287   7.201    1  
 19986     4   17.432   20.663   1  
 19986     5   16.287   7.201    1  
 19986     4   17.432   20.663   1  
 20098     5   16.378   8.034    1  
 20098     4   17.556   20.024   1  
 20098     5   16.378   8.034    1  
 20098     4   17.556   20.024   1  
 20158     5   16.427   7.898    1  
 20158     4   17.623   19.537   1  
 20158     5   16.427   7.898    1  
 20158     4   17.623   19.537   1  
 20272     5   16.521   7.603    1  
 20272     4   17.722   18.763   1  
 20272     5   16.521   7.603    1  
 20272     4   17.722   18.763   1  
 20387     5   16.614   7.399    1  
 20387     4   17.812   18.785   1  
 20387     5   16.614   7.399    1  
 20387     4   17.812   18.785   1  
 20444     5   16.656   7.219    1  
 20444     4   17.856   18.066   1  
 20444     5   16.656   7.219    1  
 20444     4   17.856   18.066   1  
 20558     5   16.739   6.645    1  
 20558     4   17.970   18.960   1  
 20558     5   16.739   6.645    1  
 20558     4   17.970   18.960   1  
 20672     5   16.817   5.904    1  
 20672     4   18.094   18.943   1  
 20672     5   16.817   5.904    1  
 20672     4   18.094   18.943   1  
 20730     5   16.851   5.332    1  
 20730     4   18.161   18.888   1  
 20730     5   16.851   5.332    1  
 20730     4   18.161   18.888   1  
 20843     5   16.919   5.149    1  
 20843     4   18.283   18.757   1  
 20843     5   16.919   5.149    1  
 20843     4   18.283   18.757   1  
 20902     5   16.954   5.110    1  
 20902     4   18.333   18.250   1  
 20902     5   16.954   5.110    1  
 20902     4   18.333   18.250   1  
 21017     5   17.025   5.173    1  
 21017     4   18.441   18.040   1  
 21017     5   17.025   5.173    1  
 21017     4   18.441   18.040   1  
 21131     5   17.093   4.979    1  
 21131     4   18.539   17.572   1  
 21131     5   17.093   4.979    1  
 21131     4   18.539   17.572   1  
 21188     5   17.131   5.420    1  
 21188     4   18.583   17.505   1  
 21188     5   17.131   5.420    1  
 21188     4   18.583   17.505   1  
 21303     5   17.213   5.845    1  
 21303     4   18.686   16.877   1  
 21303     5   17.213   5.845    1  
 21303     4   18.686   16.877   1  
 21417     5   17.305   6.427    1  
 21417     4   18.761   15.839   1  
 21417     5   17.305   6.427    1  
 21417     4   18.761   15.839   1  
 21475     5   17.354   6.654    1  
 21475     4   18.808   15.920   1  
 21475     5   17.354   6.654    1  
 21475     4   18.808   15.920   1  
 21587     5   17.454   6.573    1  
 21587     4   18.886   15.050   1  
 21587     5   17.454   6.573    1  
 21587     4   18.886   15.050   1  
 21646     5   17.502   6.107    1  
 21646     4   18.924   15.027   1  
 21646     5   17.502   6.107    1  
 21646     4   18.924   15.027   1  
 21761     5   19.234   5.868    1  
 21761     4   19.005   14.523   1  
 21761     5   19.234   5.868    1  
 21761     4   19.005   14.523   1  
 21875     5   19.240   5.563    1  
 21875     4   19.099   14.908   1  
 21875     5   19.240   5.563    1  
 21875     4   19.099   14.908   1  
 21933     5   19.250   5.527    1  
 21933     4   19.155   14.883   1  
 21933     5   19.250   5.527    1  
 21933     4   19.155   14.883   1  
 22047     5   19.266   4.637    1  
 22047     4   19.272   15.006   1  
 22047     5   19.266   4.637    1  
 22047     4   19.272   15.006   1  
 22161     5   19.282   4.080    1  
 22161     4   19.395   14.639   1  
 22161     5   19.282   4.080    1  
 22161     4   19.395   14.639   1  
 22219     5   19.291   4.117    1  
 22219     4   19.451   14.648   1  
 22219     5   19.291   4.117    1  
 22219     4   19.451   14.648   1  
 22332     5   19.317   4.012    1  
 22332     4   19.568   14.586   1  
 22332     5   19.317   4.012    1  
 22332     4   19.568   14.586   1  
 22391     5   19.331   4.429    1  
 22391     4   19.608   13.949   1  
 22391     5   19.331   4.429    1  
 22391     4   19.608   13.949   1  
 22505     5   19.357   4.269    1  
 22505     4   19.699   13.588   1  
 22505     5   19.357   4.269    1  
 22505     4   19.699   13.588   1  
 22620     5   19.391   4.472    1  
 22620     4   19.794   13.062   1  
 22620     5   19.391   4.472    1  
 22620     4   19.794   13.062   1  
 22677     5   19.412   4.785    1  
 22677     4   19.842   12.996   1  
 22677     5   19.412   4.785    1  
 22677     4   19.842   12.996   1  
 22792     5   19.457   4.989    1  
 22792     4   19.930   12.474   1  
 22792     5   19.457   4.989    1  
 22792     4   19.930   12.474   1  
 22905     5   19.502   4.876    1  
 22905     4   20.021   12.404   1  
 22905     5   19.502   4.876    1  
 22905     4   20.021   12.404   1  
 22963     5   19.530   4.949    1  
 22963     4   20.064   12.085   1  
 22963     5   19.530   4.949    1  
 22963     4   20.064   12.085   1  
 23076     5   19.580   4.578    1  
 23076     4   20.142   11.610   1  
 23076     5   19.580   4.578    1  
 23076     4   20.142   11.610   1  
 23135     5   19.606   4.277    1  
 23135     4   20.188   11.486   1  
 23135     5   19.606   4.277    1  
 23135     4   20.188   11.486   1  
 23250     5   19.662   4.200    1  
 23250     4   20.281   11.561   1  
 23250     5   19.662   4.200    1  
 23250     4   20.281   11.561   1  
 23364     5   19.714   3.805    1  
 23364     4   20.388   11.495   1  
 23364     5   19.714   3.805    1  
 23364     4   20.388   11.495   1  
 23421     5   19.743   3.777    1  
 23421     4   20.437   11.181   1  
 23421     5   19.743   3.777    1  
 23421     4   20.437   11.181   1  
 23536     5   19.805   4.183    1  
 23536     4   20.537   11.158   1  
 23536     5   19.805   4.183    1  
 23536     4   20.537   11.158   1  
 23650     5   19.863   3.424    1  
 23650     4   20.638   11.105   1  
 23650     5   19.863   3.424    1  
 23650     4   20.638   11.105   1  
 23708     5   19.895   3.507    1  
 23708     4   20.690   11.068   1  
 23708     5   19.895   3.507    1  
 23708     4   20.690   11.068   1  
 23820     5   19.958   3.478    1  
 23820     4   20.790   10.784   1  
 23820     5   19.958   3.478    1  
 23820     4   20.790   10.784   1  
 23880     4   20.842   10.790   1  
 23880     4   20.842   10.790   1  
 23994     5   21.742   3.461    1  
 23994     4   20.945   10.605   1  
 23994     5   21.742   3.461    1  
 23994     4   20.945   10.605   1  
 24109     4   21.041   10.258   1  
 24109     4   21.041   10.258   1  
 24166     4   21.092   10.475   1  
 24166     4   21.092   10.475   1  
 24280     4   21.192   10.303   1  
 24280     4   21.192   10.303   1  
 24394     4   21.303   10.907   1  
 24394     4   21.303   10.907   1  
 24452     4   21.360   10.565   1  
 24452     4   21.360   10.565   1  
 24565     4   21.481   10.754   1  
 24565     4   21.481   10.754   1  
 24624     4   21.539   10.761   1  
 24624     4   21.539   10.761   1  
 24738     4   21.657   10.882   1  
 24738     4   21.657   10.882   1  
 24853     4   21.769   10.484   1  
 24853     4   21.769   10.484   1  
 24910     4   21.829   10.676   1  
 24910     4   21.829   10.676   1  
 25025     4   21.930   9.883    1  
 25025     4   21.930   9.883    1  
 25138     4   22.038   10.004   1  
 25138     4   22.038   10.004   1  
 25196     4   22.089   9.820    1  
 25196     4   22.089   9.820    1  
 25309     4   22.195   9.654    1  
 25309     4   22.195   9.654    1  
 25368     4   22.245   9.662    1  
 25368     4   22.245   9.662    1  
 25483     4   22.349   9.247    1  
 25483     4   22.349   9.247    1  
 25597     4   22.453   9.526    1  
 25597     4   22.453   9.526    1  
 25655     4   22.505   9.795    1  
 25655     4   22.505   9.795    1  
 25769     4   22.612   9.378    1  
 25769     4   22.612   9.378    1  
 25883     4   22.716   9.369    1  
 25883     4   22.716   9.369    1  
 25941     4   22.769   9.455    1  
 25941     4   22.769   9.455    1  
 26053     4   22.867   9.109    1  
 26053     4   22.867   9.109    1  
 26113     4   22.916   9.140    1  
 26113     4   22.916   9.140    1  
 26227     4   23.010   8.647    1  
 26227     4   23.010   8.647    1  
 26342     4   23.102   8.357    1  
 26342     4   23.102   8.357    1  
 26399     4   23.148   8.337    1  
 26399     4   23.148   8.337    1  
 26513     4   23.239   8.095    1  
 26513     4   23.239   8.095    1  
 26627     4   23.325   7.905    1  
 26627     4   23.325   7.905    1  
 26685     4   23.364   7.215    1  
 26685     4   23.364   7.215    1  
 26797     4   23.442   7.232    1  
 26797     4   23.442   7.232    1  
 26857     4   23.482   7.051    1  
 26857     4   23.482   7.051    1  
 26971     4   23.561   6.677    1  
 26971     4   23.561   6.677    1  
 27086     4   23.643   6.626    1  
 27086     4   23.643   6.626    1  
 27143     4   23.684   6.572    1  
 27143     4   23.684   6.572    1  
 27258     4   23.762   6.162    1  
 27258     4   23.762   6.162    1  
 27371     4   23.837   5.914    1  
 27371     4   23.837   5.914    1  
 27429     4   23.873   5.697    1  
 27429     4   23.873   5.697    1  
 27543     5   25.125   3.744    1  
 27543     4   23.942   5.002    1  
 27543     5   25.125   3.744    1  
 27543     4   23.942   5.002    1  
 27601     5   25.143   4.586    1  
 27601     4   23.974   4.925    1  
 27601     5   25.143   4.586    1  
 27601     4   23.974   4.925    1  
 27716     5   25.182   5.019    1  
 27716     4   24.031   3.649    1  
 27716     5   25.182   5.019    1  
 27716     4   24.031   3.649    1  
 27830     5   25.220   6.033    1  
 27830     5   25.220   6.033    1  
 27888     5   25.235   5.451    1  
 27888     5   25.235   5.451    1  
 28002     5   25.272   6.097    1  
 28002     5   25.272   6.097    1  
 28116     5   25.305   6.116    1  
 28116     5   25.305   6.116    1  
 28174     5   25.320   5.951    1  
 28174     5   25.320   5.951    1  
 28287     5   25.353   6.031    1  
 28287     5   25.353   6.031    1  
 28346     5   25.370   5.786    1  
 28346     5   25.370   5.786    1  
 28460     5   25.408   6.324    1  
 28460     5   25.408   6.324    1  
 28575     5   25.450   6.343    1  
 28575     5   25.450   6.343    1  
 28632     5   25.474   6.231    1  
 28632     5   25.474   6.231    1  
 28746     5   25.527   6.700    1  
 28746     5   25.527   6.700    1  
 28860     5   25.577   6.228    1  
 28860     5   25.577   6.228    1  
 28918     5   25.605   6.433    1  
 28918     5   25.605   6.433    1  
 29031     5   25.661   6.467    1  
 29031     5   25.661   6.467    1  
 29090     5   25.691   6.346    1  
 29090     5   25.691   6.346    1  
 29205     5   25.752   6.125    1  
 29205     5   25.752   6.125    1  
 29319     5   25.817   6.209    1  
 29319     5   25.817   6.209    1  
 29376     5   25.848   6.207    1  
 29376     5   25.848   6.207    1  
 29491     5   25.917   6.306    1  
 29491     5   25.917   6.306    1  
 29604     5   25.987   6.160    1  
 29604     5   25.987   6.160    1  
 29663     5   26.022   6.164    1  
 29663     5   26.022   6.164    1  
 29776     5   26.089   5.832    1  
 29776     5   26.089   5.832    1  
 29834     5   26.123   5.654    1  
 29834     5   26.123   5.654    1  
 29949     5   26.196   5.806    1  
 29949     5   26.196   5.806    1  
 30063     5   26.265   5.587    1  
 30063     5   26.265   5.587    1  
 30121     5   26.299   5.356    1  
 30121     5   26.299   5.356    1  
 30235     5   26.370   5.361    1  
 30235     5   26.370   5.361    1  
 30349     5   26.438   5.008    1  
 30349     5   26.438   5.008    1  
 30407     5   26.472   5.135    1  
 30407     5   26.472   5.135    1  
 30520     5   26.547   5.336    1  
 30520     5   26.547   5.336    1  
 30520     5   26.547   5.336    1  
 30520     5   26.547   5.336    1  
 30520     5   26.547   5.336    1  
 30520     5   26.547   5.336    1  
 30520     5   26.547   5.336    1  
 30520     5   26.547   5.336    1  
 30520     5   26.547   5.336    1  
 30520     5   26.547   5.336    1  
 30520     5   26.547   5.336    1  
 30520     5   26.547   5.336    1  
 30520     5   26.547   5.336    1  
 30520     5   26.547   5.336    1  
 30520     5   26.547   5.336    1  
 30579     5   26.584   5.089    1  
 30579     5   26.584   5.089    1  
 30579     5   26.584   5.089    1  
 30579     5   26.584   5.089    1  
 30579     5   26.584   5.089    1  
 30579     5   26.584   5.089    1  
 30579     5   26.584   5.089    1  
 30579     5   26.584   5.089    1  
 30579     5   26.584   5.089    1  
 30579     5   26.584   5.089    1  
 30579     5   26.584   5.089    1  
 30579     5   26.584   5.089    1  
 30579     5   26.584   5.089    1  
 30579     5   26.584   5.089    1  
 30579     5   26.584   5.089    1  
 30635     5   26.621   5.276    1  
 30635     5   26.621   5.276    1  
 30635     5   26.621   5.276    1  
 30692     5   26.663   5.282    1  
 30692     5   26.663   5.282    1  
 30808     5   26.739   5.180    1  
 30808     5   26.739   5.180    1  
 30865     5   26.776   5.128    1  
 30865     5   26.776   5.128    1  
 30980     5   26.852   5.053    1  
 30980     5   26.852   5.053    1  
 31094     5   26.930   5.552    1  
 31094     5   26.930   5.552    1  
 31151     5   26.967   5.135    1  
 31151     5   26.967   5.135    1  
 31266     5   27.044   5.082    1  
 31266     5   27.044   5.082    1  
 31323     5   27.080   4.853    1  
 31323     5   27.080   4.853    1  
 31438     5   27.158   4.622    1  
 31438     5   27.158   4.622    1  
 31552     5   27.239   4.861    1  
 31552     5   27.239   4.861    1  
 31610     5   27.275   4.847    1  
 31610     5   27.275   4.847    1  
 31724     5   27.355   4.782    1  
 31724     5   27.355   4.782    1  
 31839     5   27.438   4.847    1  
 31839     5   27.438   4.847    1  
 31896     5   27.476   4.751    1  
 31896     5   27.476   4.751    1  
 32010     5   27.553   4.365    1  
 32010     5   27.553   4.365    1  
 32068     5   27.592   4.600    1  
 32068     5   27.592   4.600    1  
 32182     5   27.672   4.298    1  
 32182     5   27.672   4.298    1  
 32297     5   27.753   4.240    1  
 32297     5   27.753   4.240    1  
 32354     5   27.795   4.509    1  
 32354     5   27.795   4.509    1  
 32468     5   27.878   4.213    1  
 32468     5   27.878   4.213    1  
 32583     5   27.963   4.599    1  
 32583     5   27.963   4.599    1  
 32640     5   28.007   4.415    1  
 32640     5   28.007   4.415    1  
 32755     5   29.957   4.179    1  
 32755     5   29.957   4.179    1  
 32812     5   29.957   4.414    1  
 32812     5   29.957   4.414    1  
 32927     5   29.964   4.001    1  
 32927     5   29.964   4.001    1  
 33041     5   29.987   4.281    1  
 33041     5   29.987   4.281    1  
 33098     5   29.998   3.908    1  
 33098     5   29.998   3.908    1  
 33213     5   30.027   3.895    1  
 33213     5   30.027   3.895    1  
 33327     5   30.058   3.831    1  
 33327     5   30.058   3.831    1  
 33385     5   30.072   3.787    1  
 33385     5   30.072   3.787    1  
 33499     5   30.105   3.802    1  
 33499     5   30.105   3.802    1  
 33556     5   30.122   3.694    1  
 33556     5   30.122   3.694    1  
 33671     5   30.152   3.858    1  
 33671     5   30.152   3.858    1  
 33785     5   30.181   3.491    1  
 33785     5   30.181   3.491    1  
 33842     5   30.196   3.509    1  
 33842     5   30.196   3.509    1  
 33957     5   30.231   3.297    1  
 33957     5   30.231   3.297    1  
 34072     5   30.272   3.653    1  
 34072     5   30.272   3.653    1  
 34129     5   30.294   3.711    1  
 34129     5   30.294   3.711    1  
 34243     5   30.341   3.944    1  
 34243     5   30.341   3.944    1  
 34301     5   30.365   3.700    1  
 34301     5   30.365   3.700    1  
 34415     5   30.416   3.249    1  
 34415     5   30.416   3.249    1  
 34530     5   30.466   3.464    1  
 34530     5   30.466   3.464    1  
 34587     5   30.492   3.415    1  
 34587     5   30.492   3.415    1  
 34816     5   32.064   3.361    1  
 34816     5   32.064   3.361    1  
 34930     5   32.164   3.179    1  
 34930     5   32.164   3.179    1  
 34988     5   32.161   3.185    1  
 34988     5   32.161   3.185    1  
 36190     5   33.196   3.255    1  
 36190     5   33.196   3.255    1  
 38308     5   34.595   3.284    1  
 38308     5   34.595   3.284    1  
